var dnpOrder = [
["dnpOrder_0", "1.0.0"],

[
["EVT", "Event Information"],
["type", "evCount", "evMode"],
["AI", 200, 0],
["BI", 20, 0],
["FZN", 100, 0]
],

[
["AI", "Analog Inputs"],
["dbIdx", "calcType", "classMask", "deadband"],
[2070, 79, 0, 6],
[5, 37, 0, 0],
[6, 37, 0, 0],
[7, 37, 0, 0],
[1, 40, 0, 2],
[2, 40, 0, 2],
[3, 40, 0, 2],
[15, 46, 0, 3],
[19, 46, 0, 4],
[12, 43, 0, 3],
[13, 43, 0, 3],
[14, 43, 0, 3],
[16, 43, 0, 4],
[17, 43, 0, 4],
[18, 43, 0, 4],
[145, 82, 0, 6],
[145, 83, 0, 6],
[146, 82, 0, 6],
[146, 83, 0, 6],
[8, 38, 0, 1],
[38, 35, 0, 5],
[20, 43, 0, 3],
[21, 43, 0, 3],
[22, 43, 0, 3],
[23, 46, 0, 3],
[24, 36, 0, 6],
[25, 36, 0, 6],
[26, 36, 0, 6],
[27, 36, 0, 6],
[63, 37, 8, 0],
[64, 37, 8, 0],
[65, 37, 8, 0],
[89, 37, 8, 0],
[90, 37, 8, 0],
[91, 37, 8, 0],
[66, 38, 8, 1],
[92, 38, 8, 1],
[71, 40, 8, 2],
[72, 40, 8, 2],
[73, 40, 8, 2],
[97, 40, 8, 2],
[98, 40, 8, 2],
[99, 40, 8, 2],
[115, 40, 8, 2],
[116, 40, 8, 2],
[117, 40, 8, 2],
[80, 46, 8, 3],
[106, 46, 8, 3],
[124, 46, 8, 3],
[84, 46, 8, 4],
[110, 46, 8, 4],
[128, 46, 8, 4],
[88, 46, 8, 3],
[114, 46, 8, 3],
[132, 46, 8, 3],
[2051, 97, 8, 6],
[2052, 97, 8, 6],
[141, 97, 8, 6],
[2049, 81, 8, 6],
[144, 0, 8, 6],
[9, 100, 8, 2],
[10, 100, 8, 2],
[11, 100, 8, 2],
[38, 101, 8, 5],
[144, 0, 8, 6],
[144, 0, 8, 6],
[144, 0, 8, 6],
[144, 0, 8, 6],
[144, 0, 8, 6],
[144, 0, 8, 6],
[144, 0, 8, 6],
[144, 0, 8, 6],
[74, 100, 8, 2],
[75, 100, 8, 2],
[76, 100, 8, 2],
[100, 100, 8, 2],
[101, 100, 8, 2],
[102, 100, 8, 2],
[118, 100, 8, 2],
[119, 100, 8, 2],
[120, 100, 8, 2],
[0, 41, 8, 2],
[57, 90, 8, 6],
[144, 0, 8, 6],
[103, 43, 8, 3],
[104, 43, 8, 3],
[105, 43, 8, 3],
[107, 43, 8, 4],
[108, 43, 8, 4],
[109, 43, 8, 4],
[111, 43, 8, 3],
[112, 43, 8, 3],
[113, 43, 8, 3],
[77, 43, 8, 3],
[78, 43, 8, 3],
[79, 43, 8, 3],
[81, 43, 8, 4],
[82, 43, 8, 4],
[83, 43, 8, 4],
[85, 43, 8, 3],
[86, 43, 8, 3],
[87, 43, 8, 3],
[121, 43, 8, 3],
[122, 43, 8, 3],
[123, 43, 8, 3],
[125, 43, 8, 4],
[126, 43, 8, 4],
[127, 43, 8, 4],
[129, 43, 8, 3],
[130, 43, 8, 3],
[131, 43, 8, 3]
],

[
["AO", "Analog Outputs"],
["dbIdx", "calcType", "classMask"],
[145, 82, 8],
[145, 83, 8],
[146, 82, 8],
[146, 83, 8],
[2071, 81, 0],
[144, 0, 8],
[2050, 81, 0],
[144, 0, 8],
[144, 0, 8],
[144, 0, 8],
[144, 0, 8],
[144, 0, 8],
[144, 0, 8],
[144, 0, 8],
[144, 0, 8]
],

[
["BI", "Binary Inputs"],
["dbIdx", "calcType", "classMask"]
],

[
["DBI", "Double Binary Inputs"],
["dbIdx", "calcType", "classMask"]
],

[
["BO", "Binary Outputs"],
["dbIdx", "calcType", "classMask"],
[134, 16, 0],
[135, 16, 0],
[136, 16, 0],
[137, 16, 0]
],

[
["CNT", "Counters"],
["dbIdx", "calcType", "classMask", "deadband"],
[58, 90, 0, 6],
[59, 90, 0, 6],
[60, 90, 0, 6],
[61, 90, 0, 6],
[2053, 90, 0, 6],
[62, 90, 8, 6]
],

[
["FZN", "Frozen Counters"],
["dbIdx", "calcType", "classMask", "deadband"],
[58, 90, 8, 6],
[59, 90, 8, 6],
[60, 90, 8, 6],
[61, 90, 8, 6],
[2053, 90, 8, 6],
[62, 90, 8, 6]
],

[
["STR", "Strings"],
["dbIdx", "calcType", "classMask"]
]
];
